4256694477
347685730
1534659772
4239601349
1891090161
3234544707
3287513195
3253307563
1344578889
912481028
4203896678
119196757
2875979207
2803009982
4207105993
2074701009
696628308
2254017600
1330183288
310385449
3385964097
440211373
1516795818
221526429
3205974768
175949908
3275257014
483158819
1117809085
73935314
906888476
4264033059
3715666226
1767282022
1175274710
3624016239
3318596459
2646289043
1574128096
2157684352
2389298118
4007364092
3443993348
2969406455
1179892175
2770786939
1653025259
199351634
2257403242
4180265090
3690384480
1043741933
200167490
3240529846
3781980391
3745890620
3676788848
2370401993
3531549309
1451021895
3436884079
142542232
402026416
751687526
2145271871
334261637
2253744355
263904573
2409075671
3003169813
1066068442
1811479545
2356845265
1043280844
2713674380
3853905355
2494037328
4064536391
1900172072
1417733540
3399987764
3529011867
2341932904
147621427
3360506496
4067127022
1369824533
18430235
1269884426
2694249555
3607575002
347595385
4232996197
3269819881
2222085197
3123719317
1178922251
3754320950
2068612154
2940823527
1773288910
1730650560
676679218
682441548
3157550720
1915364845
1400258132
2402197641
4202885857
259357212
3668878937
4038191359
1748057032
2452643075
2787412709
1789839024
1535820949
3113744458
3276852237
3025769841
3012579798
3878784105
3041645859
2389303409
1444390199
4188352190
2822692809
3195756522
4094167727
1110472178
368023092
471460645
2981733095
1790750860
3379503296
2506431155
2976978669
3264709078
3488082612
827627240
2650874138
1204224239
3297389142
4120989339
864393024
1660859953
3315398706
3058209309
1682104856
2889355973
2158526886
4105457271
3617721834
770031235
1674126001
2491311335
3780305021
4241250319
1645736701
198859419
4001701953
1517683504
2570752554
3583532207
3343481019
944464243
3323248475
181163108
2718869552
2437206272
378537990
1779664802
658498196
1883606459
2257558007
846922160
2734757300
2567934110
2516190374
403095602
2198960802
1775749461
1172993466
4157857891
516005984
3950939674
3942366428
1373784211
3877329872
3865435603
2193138369
4000975330
1024903387
1910820969
438951794
3039884861
1274923232
341791082
864107485
1536108185
2783423071
3925672162
954935968
827813230
1079600614
2818397814
3933955092
4033606007
1325407291
2997805761
2503561624
3595857063
3667018185
2617461490
1095816223
3982773102
298558288
3234421414
626962940
2340464685
4069339079
3665709058
1289631724
747003638
152646549
1002898965
1069046116
2924426631
3815928048
3448062316
418470940
2488882057
1993949588
42754805
443898587
2567669508
359312808
3623466264
3960023941
849252646
4057834477
2552727315
324432993
2443081525
1331805992
910584469
1394146479
4279407568
1536935120
949020574
1064207465
2688967789
1355073787
3340845718
4114853720
2250952462
1575560069
2506731691
1122160474
2388614214
4081296003
1011390063
1872763377
3151405420
1891542502
4206800048
4037645583
2367543069
3566178419
860235674
955631393
3057637366
2817964514
466009099
2991421017
2219803538
136040020
1982668598
1300104000
2424979906
1225639674
2275499131
933702266
1226744331
2430494723
3831143812
2728770011
3046364004
685895621
3323478179
4003759274
4241322032
3809338159
3275086187
2731189044
2461260409
292791150
2623600525
2198194580
1400349807
769898718
3069169652
821838273
1920712992
2946924339
3117949986
2786710744
2195028344
761011943
591627212
1958522794
2138562938
1224572901
1288094900
3733229193
2566277567
1140105591
4097232071
1841314894
4008536367
2036302701
4280224375
3757748397
2063940351
1550552206
249050969
262953405
2476461290
4174715459
3678224641
3942898882
3423041971
327394689
3925996573
3856226877
2558381018
1766402295
2561131984
884474166
4221207709
700429432
1326831440
3205529031
3817210674
1816615338
1355648962
2525138668
3166210114
1025826287
3267487829
1632554889
2690814375
3233701267
2613724828
98631355
3832760937
3405433911
3585900849
2239845219
1933298422
2831089277
354511494
337684208
4038567329
4186646772
495484429
3678929773
1400011614
2537226310
2290158476
3055837386
923538619
2850121375
355433657
3568672109
1315060512
633819744
3330380061
3558735355
995216970
1368054276
638004262
973946979
4062269956
307892561
1634046349
2706509356
2927849512
1549149123
409906154
92625408
3762203349
84695093
3520641428
2077815928
1433713394
1444309456
1821375422
2265310248
1216698082
500687416
1135657934
2488945901
2543148424
475914485
1528625920
266859126
3417776510
173636639
1252982844
500245008
1974325392
2554439245
1041463347
1723338678
1179890558
2744075710
3208440768
2236346968
1755365875
1075472585
3782922364
2197089130
2203141824
3550069633
3274626978
833029552
2821361756
2705384108
4230192934
281892680
3605162400
58441702
4001538320
3411383031
1503844030
4056949521
275381533
3169031352
556946050
3503914239
606173335
1276753282
649627597
711370594
888295540
1208742488
958841678
2344170995
2392603053
2529735318
2084051329
1742914785
90975201
1661712762
4280253677
2084794492
82858537
3607662321
2965749913
1428611617
995114557
3529206691
3619013327
2961350248
390248903
2836624448
329235476
3704979595
1856164359
3655651340
243166822
2451771161
1134885287
158557864
2740891831
2736035292
2125454560
2965590306
2697302698
70529287
2463122381
1288030783
1823839372
3343627683
3805224718
1023781384
1884598165
3370427195
2632489633
2675488914
288467551
3991145158
2736902908
1466688530
506230182
2940770004
909969518
2374936096
4126707010
3523813628
2035510454
2535892041
222796129
1226014852
2214979300
3529070555
3666594824
3748200018
1498933616
2778417388
224245451
3898350098
958641816
809380012
2542081227
1408306344
1647292158
3659486955
2912765168
1700443096
2061796993
3497238253
1163554920
697652019
4137941850
1572484972
3077609823
3962164804
3988646779
3938701806
186224128
1208483835
3188155428
384189769
289078187
310752089
1779369925
1967660915
2502631031
3195912540
2364991003
1565469326
1226426602
1972201517
2565055109
1546563890
4094869494
3312447367
907674791
4120088061
2275780407
2675969642
2024755009
24498776
590117227
139822592
1122138448
352489611
2863614257
4118912463
1242572134
2226033923
929973766
4151110944
1414198086
3982400226
3355656572
3981811118
613287875
3535521736
4129960123
561025939
3952633562
1083964127
3626427965
186852974
3009182733
4254251820
1405747141
3579992025
1528458497
4238332180
2300134560
657568521
2585104986
1543132972
2593320992
3426894278
3739857622
1593953862
957654100
1001177742
2172705960
1900740792
3110273292
2597555204
3718936855
2697806061
2571934476
2053130653
1280243286
489705265
980668302
1801289102
3511165860
708637369
3098521598
1786409967
3017284519
3546714609
571933168
1063588660
1471928581
3464418825
3064205157
1313584590
216191300
461219265
4118430526
964032796
734376419
259195764
3721154048
3506875799
3025902521
2559941218
3915632330
2933511229
2243000460
2842429250
650394771
4236268862
3827025653
421636104
3103001511
1096768485
605255794
2800615154
3806382947
921568200
1873067468
782693592
3831904303
1091912498
3163250091
1013778100
1324547516
2292793040
3907219830
3447433839
2546902399
369947290
2491556976
1813214958
235072877
3924548612
1827459344
1955191644
3118203640
4061794662
32217248
2977493433
2350177865
1485992615
1489129752
487307427
580336062
177397552
1409606972
1969963107
2296832422
1977294096
3859612403
2991462202
4196620346
3658308971
2752787434
1235681517
179309023
3961981479
803388521
1366345102
4286287258
3928213721
237755508
1822237580
4175637971
2629328621
528502566
1361293565
2000205134
623993620
300295241
2502866986
518700134
3581077490
1091424312
3513408347
38400651
1880329224
2603126265
3329264612
2532122621
3466435295
3227414421
1398382703
3703167946
2347379573
853719227
2875725451
2626269701
815851500
1303207829
3638053749
3295557191
2144758384
2546814952
4207753253
2275032683
2714196840
1784761458
2355068060
132432260
3401235681
2133559935
2731165292
1861359394
1543311159
2647319501
1891229319
3170276038
2633906948
4253760162
1018849868
857716642
3398495309
3521342506
2563025871
529957013
2588363498
3615714581
149704039
824866917
804437046
3624889456
3878585469
2559647294
2738854391
980687044
845125523
491999851
1400212112
1440539501
372806546
1817003859
2807228004
1565122107
3666263128
2245440181
3071104652
432312142
2272658561
3515530023
2121144509
154720046
2902759541
4255833548
1427149939
2548581673
462145713
1881491540
2327915874
1249998321
3144671065
1866359609
1710817053
3470022773
300920062
3352365111
1652387335
2301326591
2702235820
3610976524
1847507322
1413386894
816594743
2128423537
2174090038
3385513589
782265798
2806339416
3548364811
3385309748
4095411103
3639726182
3279922633
1446835094
3725264693
280644531
2071603816
968436491
3333061231
3587340480
619944051
1315478598
237943353
3077700792
1888402618
466124058
3231184208
4162484971
229265719
553600657
3332097609
209544583
3491711295
30555214
1874148579
4093711000
3793677037
3963342372
1129538190
2431177025
3170763
3969888246
3877963323
1175976764
3712956099
2258879441
2290735973
2155462287
3978877252
1218622023
387758175
2986908559
2994349495
4022717709
4268064735
3832566554
1334842660
1387763672
2896331211
2841133328
1994523167
2835059571
3569147714
2386943762
3117559544
1692673828
4182785517
438659966
327842083
1982350401
4007384712
2054025386
1845159397
723066893
2735712939
1709746271
4277662784
3329826776
389869021
2601940888
4218937376
3220198230
2615078362
1077214843
2129773253
3307510078
2068710947
3404134551
618282099
829311526
562850502
4118210911
1916932952
1378649501
791729775
2814431463
227865533
2915106186
3313035183
3652543709
3799301488
1662835651
2037725579
360712649
2948270704
3623853553
2086077256
1599080584
1570101978
1271464866
3873459060
683326470
432280083
1156475567
1978497592
1438855995
1475719478
1863398864
640112348
4185916263
877165247
532126077
2094054554
2422392465
367389561
3617516294
733123239
3726246460
3485611172
3065171445
506155903
3038573163
2641961834
4171553699
3713806192
2378986712
3125649796
2954862873
3648493161
4080701552
2957359912
2527039272
2251273476
3952334097
3714700853
3873978571
2554507472
1646202758
1294075553
1477966780
304820195
3102281154
3820366881
794881876
2917922719
134704988
2045297946
2120037799
3523129028
2961030731
649470663
67570399
2674069174
1221118946
2503240363
3326881497
2261520399
150801934
3834515770
2588148989
854384232
4237588685
2955065794
4043900514
3051822947
3754758129
1036265374
1596613153
131881212
2931141910
4027788446
4106479609
76972816
1271772640
4211097776
2620660004
3059322925
1146142330
2020028115
359988088
3687938460
2551731275
3670901565
2215217856
3072137900
1260678393
3695322827
1704944732
1409410880
2797614498
3881358248
658114838
1395804571
2957557337
1481232193
1863405895
1757655914
2073247198
3559855463
1358982955
3686116882
3740395938
1415897285
60889984
883258939
4007239162
2751642757
1275054180
1771466396
120246945
1836911421
3052435056
3035002376
135567219
375664415
3473311759
2773839033
2359006568
121552736
3123326756
356021467
3233828814
3716773608
2446184668
1455766107
3712229834
3855992892
2932079568
2206191089
1863431185
470270631
162974814
4241153899
1883236066
263369903
2369542984
194175803
1488514118
1788393398
1317900941
756936516
2894204555
4148596975
1121748103
4210645728
765452029
2782237572
3880362309
2080828980
4154116327
3972362244
830006826
3433835703
715769033
2214305042
3200902086
740296448
3966904282
3622028619
405616116
1557725136
3832826816
2997446263
3231271476
1712820319
4195027598
966364659
2753630282
1687967722
3122121469
4238270046
2645258519
3094110844
2856458479
4125117058
3913689014
4257616635
1877280288
4152242564
3105806554
523140214
1351503662
2775763023
51807334
4003051182
841482443
3113024573
3170577741
3552639458
2696911168
2945399558
2639877036
4253650398
2145870372
2540686318
1458806053
613996614
2915139166
733259306
1692125054
2365330974
4255246424
2851139730
488882553
3573353629
1347935364
3412366988
2687993333
2131344691
806415380
1538891319
1523684677
1153919191
4125176821
2346888151
4036012239
557608598
518583308
2132237953
86932713
1612829016
3608642227
804549126
4199795951
3763269876
2677463158
1807208996
1477631400
1464418935
2529996810
2174749418
1979167195
3287290800
134444685
611009132
449037612
508372479
3366815748
2616240039
1757309243
1920969822
156202001
1155793590
2360287486
4107172015
2684405492
4239479350
3312588382
1020257352
4069921476
930619894
4197287441
3049209788
3328619757
1580107491
1965604278
1910789611
464425964
853306417
2034305078
4012199499
2593804618
418946509
134325337
2058582648
937962454
3219733507
240525735
3252148986
3610250790
3449848939
233127809
4259604309
2429257039
3344571416
3103959679
3376342358
1633131491
1450854147
2538025995
1267817372
2833077547
3884628149
2831605821
3407211364
2140685477
1096477235
3722765817
2433097113
106659264
2453250350
432864583
2938728218
4170569686
3512276075
361043953
3565234254
637289066
843569519
1504206947
4279847909
2580293026
3364849518
3837336254
955427056
1437764358
2574695286
1947747389
3994377252
1716652666
4191807959
2241596621
2310786153
2003416953
3056314581
3351545574
2829119145
2912488083
3801374864
1318300079
1315986646
1808237353
2435583026
2197782866
2890992700
170622310
3428776026
3809356187
1721151241
3840702592
2472651465
3364220631
1737297178
3362572592
3067797322
1279635691
3982974983
2704307311
328615398
1010590899
1632468592
3042782833
2305551944
2046611356
3851117193
3454515686
1815481454
2012502404
2833078243
2505352047
1291256465
3946877137
2900286588
3525350751
3641728085
3894885583
228098313
2194030515
765732660
1059658318
942658690
2170753106
3709097000
3501825660
3736086255
3036592008
3298594455
764861439
1459498865
913290432
4027921538
2042259030
1927504275
4007946113
3922484209
2817838961
2134670802
369320107
4102492568
69245838
944089449
364343281
1302314190
1643693910
2701990241
965912985
3040924848
3868113975
3422297305
802414707
1522979473
3261157123
3263664785
34459671
725257636
3524338889
436049341
1265464162
536013803
1001921011
594800135
312361778
189699170
3202221985
1154682597
1297275232
26676839
1292927812
3909759517
1936176126
2616883820
555119741
2505562517
665621714
866766816
3938917687
3518514271
2621978897
3541748826
2239950850
4067926787
4173260127
996245511
3477328050
2967148302
2811724295
3148948309
1448614712
552749532
2443494262
4177011168
4088827071
2994939554
2900794110
3818882716
1207233290
186155966
3843386312
2036905284
2967209484
1731315522
2210545688
292199682
1839263688
3498955453
3726736072
1345409118
1203242603
396083788
1852752126
2180591211
911125671
1577503456
3740506160
4178610480
2455456850
1617282001
749532250
3998446932
291110718
218736547
1737536125
1103671053
2627598938
3588790296
1987427162
3647160394
994645769
3417321845
2761411183
1004360735
1692604098
804174104
3736966450
1706419056
4069326056
3429200698
1711328908
3058869985
3302497003
3178441728
2654061208
3006888444
1413393055
1034239944
4259219100
4285569955
3258225371
1617145522
1174010184
3304978360
3772953173
3384772460
3340635949
2927715851
1199164605
1365325121
2591500160
2935360132
2837968407
3734338916
1413899535
4119839376
2226231389
3950819193
2517026690
3417754576
3802525525
4250471780
1177977046
2066288639
3090323118
4294626901
331137815
2050376228
1688110689
307208467
183173725
1008548089
2673580358
1913725320
2720655113
596390554
213875189
2492511629
70806591
3040701809
257266143
2594678007
1041720998
2293514848
2346505900
1841578209
1452044126
3575426096
1976832470
3021481531
3041455938
1481238585
3669524102
2850416530
531613279
4124122194
30693805
2381228578
826035123
1280060923
381370470
2936144409
1434853674
1588737737
878508171
2292816428
2850625493
265994769
2260369301
4244140639
3435864172
1310244823
423558073
2574795280
8487942
754538744
2276715327
1966655813
2815844630
186683542
2815831589
2516360503
1110485161
2185944772
563037683
713505822
2908231645
1063727218
3418875872
134968382
2463918501
3235313818
3286220070
2025351729
3340418235
416005803
3586321825
2305378934
3219417572
1908758069
1788924078
611512890
683886186
3006245846
3561021506
3884915557
3135377111
69292899
1794689609
1122981864
3734042094
2318844762
1413758017
2405886021
4234777582
3801508231
3891774741
2847521118
2216342026
856032501
1243244862
3238761858
1321774627
3509776664
794314008
1718506676
1662350023
3724922423
572217729
193730622
1086766958
1395143454
2118016696
2122046838
2047622387
2694730756
4184258931
3500733390
1080367696
2559036090
3992481345
4142113314
723922334
1190915093
3198758690
2425456445
2644530507
872896157
2294144868
3824714155
316970397
3989513845
987212224
2108467910
3039637094
414972557
1181811892
3240079610
115451144
3824957190
3253780770
1481547100
54296236
534687973
2975825706
277860458
4237436606
1417719547
2344461636
1384137251
1580645803
1451879444
855455136
2198982986
3624160222
940246622
3029474753
4223282678
3649049847
1400506395
3366739031
3888163677
1654720333
248640906
2785745245
3031008481
272008102
349015057
544607348
1674142299
3924588853
575348399
1741704573
3941345191
2549191124
633682849
500132732
4062894960
1178659458
3471968083
2555504044
2630988092
3682767903
3431135369
106259166
3950346937
1234589798
1442931149
3448455958
622609481
1572208426
2144039963
378562407
3582804172
1446842324
926262986
1572981774
247408813
605047580
1690611901
4273164493
3144040495
3718273286
2458877643
272976778
1889614072
160589600
3568817003
3344580903
1288176350
1191457529
303004579
3056459939
1364828144
4185177316
2865710385
3729431666
1175144391
2118622958
2608407035
2870967832
1391683086
1374438428
2580980916
3409285132
2681913424
3936615401
3390227151
4261902794
1722371840
2934318590
167544744
208972346
3337819598
225079859
811803888
1104915520
3366553383
2630512838
4271017049
3687580067
3689168653
3368611546
3790864003
1180606499
2211717400
859429682
3284810533
1529539796
986621388
243609390
84950655
953897408
3179012893
2547030021
2759309310
2842151357
186948672
918641732
1820698160
2900819594
1227056307
1759820166
1741833195
1594250544
2540446351
2125870708
4184093368
1293943960
2218884108
3494192384
2536574597
854692455
754711636
796545245
1153193611
1945129505
2046655372
4261189185
2345686908
3342910077
62625312
1824185566
2439086833
743138565
250691406
2332963613
2223726610
3723717618
1843903221
3951134109
2242511238
1517115974
3035171486
1144467179
60828828
1974727210
2412550603
3505412994
3979156923
3432910217
1722004863
481328644
1953502727
3465952492
529079053
956616634
2189663828
1945028760
3952093732
3370785097
2570922831
3604541413
2899215899
2773761974
2164887273
1157235424
2744136313
1095848348
2162975495
2141434404
2963273415
1406177452
2124175720
10891509
2595755417
755676004
79895766
969508254
3843105498
2105826067
224079759
2766251020
621643095
884374028
3458921205
2592452266
3842666382
3176375849
2775008373
1164310909
3259587512
2100171650
1684921268
2822712195
1409505044
3736974190
2527352320
1282742857
1234446453
172340155
1115134709
256228299
2378702350
1419434537
41387630
3818801808
1565167228
3381295147
4103570350
3197335556
2654296340
400454368
2643002830
74893592
3871043949
84155215
3191703913
2894919959
2163851825
3998470882
2038532998
1902214859
2581918496
2113189925
1203544517
1136627664
1767267940
2573391807
3603767245
3595058743
3241787675
4019658160
1409873397
933530718
2447242017
1825309388
2119742768
2439025422
1365127710
2044867191
4269335614
3244135893
2486520784
3446252706
1666454032
602513830
3303519130
876963845
8704378
74879406
148098892
2549127325
2364541472
1257051768
2149484339
2825469544
4287056538
2611354435
4005717347
800067679
1210091497
4294845859
3166490691
1962071988
578582046
1301056342
1532734554
3041947469
1633412679
1643747944
1034809688
3627981696
1875072413
3916664713
4060937832
3851630095
643242475
2244409005
181385651
3810912869
3000751937
2349847013
2752825143
538377746
4023266009
1863721597
1957880522
330850692
3928504137
3426693205
3091474793
370214152
859536874
824454020
2690178501
3624087040
4239241608
3486090282
3669947407
2702362724
3701206602
930419861
1526034690
952889470
936510179
2283960727
3031984178
29798624
808400633
3063461158
900638099
1817260201
354302677
2535749429
3426274892
112315898
3023547468
1156032721
3915154621
1359896754
134012140
3688240510
2883083213
3673301360
582468970
457559763
1112122745
276132042
2474201675
2804426323
310536345
2097216201
1664447953
1038080398
1408305652
2847208105
2818747176
414502008
2872308871
1567646414
1282922193
216854025
1958825233
3832859912
2301177934
3816792853
3434839266
3853326091
776511758
3178124140
2178523108
2878734120
996131995
2058843445
24748521
650024273
590542337
3119460999
1791760182
1341453388
968529536
2792588617
1461886032
2953131829
1782905205
3947160907
3311257862
1931929401
1940922757
1081566372
4135223999
3455835536
3368860428
692999757
2839722500
1513838011
316178373
418274046
2199445328
1895181310
874311609
2478108744
333749014
2826699808
1219365740
3274628595
3273987347
2078528609
1128856389
3534462361
2484885205
1110282428
3830337598
175675523
1327207820
3138220638
686115277
3216005059
4260785935
2538379110
2956348690
2394292881
2307483185
1121253085
3033168193
3058288362
3866077765
2521916664
1476855120
3376154727
1590490607
1987552140
500224740
2361979226
1731825965
2263694033
373547641
965231151
3436626596
3066828378
3549730000
1963522816
2859809839
1288413780
1779426718
3120708473
854216356
956556542
2553514866
2234447086
2121724137
1381191784
1425123557
2092780218
2841404983
90687599
1644985096
2825534682
1904480172
3680671992
2693935370
4030036169
3780359447
505305195
2239781160
4155829405
4120203519
1075081842
1820069593
202373218
1284090868
233101043
2796803642
2056313269
3423851289
1333463371
3285930167
1172123044
3439900145
1590987723
4081792762
1338746053
3114039146
1516659575
3141420056
3990406549
3975036455
4179668989
1680801273
1044175122
3250294801
3860567027
3595929352
866475419
506004767
1775626581
122152220
3984956423
716397925
1193147965
900983205
3541121795
37373531
3516487140
2436966169
3335580848
154393454
602450392
1284284321
2832568956
2046045644
2070751103
4148730111
2106815296
1411473259
3752928716
1584906690
1867767707
3174866266
3681275711
2429391789
1078812813
2152891724
3978820641
86810468
2740472918
2060042849
1971960064
21114200
289889680
3830410550
2301998441
1044799476
1356408971
1071971120
2891290341
2849555207
3344173800
2752563461
3720309813
3238065268
3350655352
2821229707
4156079313
1665618456
915509334
2764257731
2355196061
1543133436
2021353795
2504173352
3283389421
1065689531
3240574017
142933300
3778280379
1525917237
2031795826
1857109299
4146523686
2475441268
268776241
1915054924
2911400750
4103074526
2981315441
1770334156
2726715822
3373742492
3014078294
283558837
1252703385
1074922825
2974627345
3626081414
379753592
3093550814
752013312
3023915852
3298894115
857855197
1788516102
3254547176
593956799
3388072380
3713464614
3884857762
2901065975
1736924051
1488458086
56310254
1050243966
541192457
1623966434
1441920638
2504070852
3907794811
2347495982
890707335
2459320823
1234726510
2371254513
3052545879
4065856316
2325584951
2657431487
3696991255
4111973166
3115970536
476195382
1028328668
2795346071
88740989
285114715
1650822132
2247116909
2343461190
3144140853
3702173806
888765967
2629964695
2415724203
2487480554
4123817920
192904622
2225559194
3278954915
462160739
1303893732
1607368506
714547641
4109502328
133667095
1609345714
1802437571
376622166
3279918934
2982777337
2572336532
1241743786
1818573262
3410803439
749316940
2323823663
2513406708
1626514619
1736143266
280684463
3797352947
2347171430
2568391536
2550851897
2390832728
1454687160
250023551
1621912996
996141307
3332627538
3764269972
362127427
2001604144
3618019596
2751524282
470173161
584172846
1089907600
4221115601
1923545119
798189759
944239671
92415830
1716714660
3615630633
3382559267
3776218996
3262903589
1242480475
3116556701
2486703947
3274924861
763984219
1230967984
2148411520
785136815
2996879342
246141446
1925296901
2636418018
2550140297
1003251201
2222303017
2458507420
2618044023
1203851805
1297100514
3023983874
2059555404
268469892
2729241176
3164605135
1974802057
3903508978
2842063797
888145108
3291281039
4049675211
726119980
2595598512
3915533513
2763750522
2107171911
3066393807
2396999956
3093112844
3872168309
1273542312
1627144306
61742860
2437903059
1663225138
3413875183
1127066016
4185074489
1536433062
2488048850
1852448996
1686210184
1141264508
2992993288
1989569158
2397378610
2752185503
2663430860
3820948130
3749392649
2059974386
4253075099
3869468639
3456041036
3646676999
2636571222
1428659658
177845230
2665323038
704014008
661453169
3566117929
3154975067
1399806971
2877783107
2383074882
3297865804
2179928261
2245230887
4212351646
1944149146
3664532056
871194586
3113257477
734631949
777433594
675490445
2692679221
2459167173
2509407137
877715902
339567018
1456010166
1352270306
3614456406
2113331883
2124052580
4038640411
3897840132
1949717912
2296878304
610921439
1864003032
42975858
3320097538
634833569
637771554
1584519594
3982292968
1769326756
4140493453
923903022
3634107054
2328321058
3935718774
1853440689
636866414
3576883130
580107666
2847328314
1810186874
2802234143
2401992383
103283695
31154136
2358601982
4224969513
1642761762
1151169278
2440250927
629967264
90836124
3696257742
634742303
837881400
1544266281
3927684564
3591264381
1022337315
3388960099
2742102718
2989255715
320702410
220887746
3237099803
3820542790
1320258609
2000137700
116743768
3482666209
3977526924
2932287001
3450641143
2180554590
1394273564
3317131825
1324114960
1116606598
3587862095
3533137801
3750808845
3467859626
1042127128
3677491283
1518495137
1473621778
1551763338
4265583909
2740815881
2213668262
605454267
1781528005
3334083462
2385410522
1641651927
3474498866
504254234
1167951070
1183523459
2580036853
2100588673
3357166854
424733812
3857488809
2408907634
3074699894
1223400526
1969687240
1793633559
94396690
831478721
3669460920
3181381577
2580837285
3444750561
612994069
3739849488
3859215439
625781446
2020008256
1717040089
1901913652
3108248676
2860436263
3508830457
1905771618
3020593580
3231323734
3676100577
3000082945
1651440355
1848005950
2434790819
1801344961
3268684353
929323204
55218213
3116788352
2741624781
3384029196
3703286691
1793562427
620687223
